FES Amp = 0.0
FES Dur = 0.0
FES F = 0.0
FES Np = 0.0
Thread Time (s), Thread Voltage (V), GUI Time (s), GUI Voltage (V), Inner Loop Time (s)
0,0,0,0,0
0.10247611999511719,1.2482880947294535,0.10247611999511719,1.2482880947294535,0.13690996170043945
0.12742209434509277,1.2484130985442672,0.12742209434509277,1.2484130985442672,0.1512441635131836
0.14368557929992676,1.2482880947294535,0.14368557929992676,1.2482880947294535,0.1690807342529297
0.16415882110595703,1.2481630909146397,0.16415882110595703,1.2481630909146397,0.1907038688659668
0.18113136291503906,1.2484130985442672,0.2929801940917969,1.2482880947294535,0.34247469902038574
0.20591092109680176,1.2482880947294535,0.33797359466552734,1.248038087099826,0.379138708114624
0.21680164337158203,1.2484130985442672,0.3725860118865967,1.2484130985442672,0.4080817699432373
0.2269744873046875,1.2482880947294535,0.39799022674560547,1.2481630909146397,0.43639159202575684
0.26036572456359863,1.2481630909146397,0.421558141708374,1.2481630909146397,0.4610133171081543
0.2709014415740967,1.2481630909146397,0.4404721260070801,1.2484130985442672,0.4907402992248535
0.28182220458984375,1.2481630909146397,0.4783351421356201,1.2482880947294535,0.5181083679199219
0.2929801940917969,1.2482880947294535,0.5003452301025391,1.248038087099826,0.539583683013916
0.3074607849121094,1.2481630909146397,0.5222454071044922,1.248038087099826,0.5613291263580322
0.3232614994049072,1.2481630909146397,0.5488009452819824,1.2482880947294535,0.5832324028015137
0.33797359466552734,1.248038087099826,0.5706706047058105,1.2481630909146397,0.6043775081634521
0.3493659496307373,1.2481630909146397,0.5903880596160889,1.2481630909146397,0.6238677501678467
0.3593149185180664,1.2481630909146397,0.6127116680145264,1.2482880947294535,0.6434097290039062
0.3725860118865967,1.2484130985442672,0.6330626010894775,1.2482880947294535,0.6640541553497314
0.3850550651550293,1.2481630909146397,0.6496360301971436,1.2475380718405713,0.6878237724304199
0.39799022674560547,1.2481630909146397,0.6701223850250244,1.2472880642109438,0.7098162174224854
0.4106152057647705,1.2484130985442672,0.6949520111083984,1.247663075655385,0.7292256355285645
0.421558141708374,1.2481630909146397,0.7139019966125488,1.2472880642109438,0.7493002414703369
0.4404721260070801,1.2484130985442672,0.7323651313781738,1.2479130832850125,0.7709188461303711
0.466052770614624,1.247663075655385,0.7580108642578125,1.2481630909146397,0.7930338382720947
0.4783351421356201,1.2482880947294535,0.7795760631561279,1.2481630909146397,0.8156166076660156
0.5003452301025391,1.248038087099826,0.7979612350463867,1.2471630603961303,0.8371262550354004
0.5222454071044922,1.248038087099826,0.8195662498474121,1.2472880642109438,0.8590803146362305
0.5488009452819824,1.2482880947294535,0.8459134101867676,1.2474130680257578,0.881110429763794
0.5706706047058105,1.2481630909146397,0.8667585849761963,1.2481630909146397,0.9018218517303467
0.5903880596160889,1.2481630909146397,0.8847618103027344,1.2481630909146397,0.9227526187896729
0.6127116680145264,1.2482880947294535,0.9068388938903809,1.2477880794701988,0.9454176425933838
0.6330626010894775,1.2482880947294535,0.931854248046875,1.2469130527665029,0.9668989181518555
0.6496360301971436,1.2475380718405713,0.9499895572662354,1.2469130527665029,0.987983226776123
0.6701223850250244,1.2472880642109438,0.9761290550231934,1.2474130680257578,1.0124647617340088
0.6949520111083984,1.247663075655385,0.9968364238739014,1.2481630909146397,1.0326828956604004
0.7139019966125488,1.2472880642109438,1.0189316272735596,1.2482880947294535,1.0545392036437988
0.7323651313781738,1.2479130832850125,1.0372397899627686,1.2479130832850125,1.075690507888794
0.7580108642578125,1.2481630909146397,1.060779094696045,1.2481630909146397,1.0961995124816895
0.7795760631561279,1.2481630909146397,1.0817790031433105,1.2469130527665029,1.116971731185913
0.7979612350463867,1.2471630603961303,1.1039891242980957,1.2482880947294535,1.1376557350158691
0.8195662498474121,1.2472880642109438,1.125769853591919,1.248038087099826,1.1595628261566162
0.8459134101867676,1.2474130680257578,1.1464157104492188,1.2481630909146397,1.1796345710754395
0.8667585849761963,1.2481630909146397,1.1651725769042969,1.2481630909146397,1.2006404399871826
0.8847618103027344,1.2481630909146397,1.1876246929168701,1.248038087099826,1.2220427989959717
0.9068388938903809,1.2477880794701988,1.2101173400878906,1.2482880947294535,1.2450766563415527
0.931854248046875,1.2469130527665029,1.2292087078094482,1.2482880947294535,1.2670390605926514
0.9499895572662354,1.2469130527665029,1.252697467803955,1.2481630909146397,1.2885444164276123
0.9761290550231934,1.2474130680257578,1.2723791599273682,1.248038087099826,1.310265064239502
0.9968364238739014,1.2481630909146397,1.2929420471191406,1.2482880947294535,1.3307867050170898
1.0189316272735596,1.2482880947294535,1.3178277015686035,1.2481630909146397,1.3530519008636475
1.0372397899627686,1.2479130832850125,1.3388092517852783,1.248038087099826,1.3757221698760986
1.060779094696045,1.2481630909146397,1.3619740009307861,1.2481630909146397,1.3963103294372559
1.0817790031433105,1.2469130527665029,1.3834228515625,1.2482880947294535,1.4178245067596436
1.1039891242980957,1.2482880947294535,1.4042935371398926,1.2479130832850125,1.439324140548706
1.125769853591919,1.248038087099826,1.4269180297851562,1.2481630909146397,1.462507963180542
1.1464157104492188,1.2481630909146397,1.446331262588501,1.248038087099826,1.484344720840454
1.1651725769042969,1.2481630909146397,1.4669623374938965,1.2481630909146397,1.5055904388427734
1.1876246929168701,1.248038087099826,1.4906277656555176,1.248038087099826,1.5281221866607666
1.2101173400878906,1.2482880947294535,1.5114071369171143,1.2482880947294535,1.5495796203613281
1.2292087078094482,1.2482880947294535,1.533780813217163,1.2481630909146397,1.5714678764343262
1.252697467803955,1.2481630909146397,1.558603286743164,1.2482880947294535,1.5935542583465576
1.2723791599273682,1.248038087099826,1.5783953666687012,1.2481630909146397,1.6158788204193115
1.2929420471191406,1.2482880947294535,1.6016066074371338,1.2481630909146397,1.6383388042449951
1.3178277015686035,1.2481630909146397,1.6223866939544678,1.247663075655385,1.6605758666992188
1.3388092517852783,1.248038087099826,1.6468253135681152,1.2481630909146397,1.6829047203063965
1.3619740009307861,1.2481630909146397,1.6658785343170166,1.2481630909146397,1.7061824798583984
1.3834228515625,1.2482880947294535,1.6878514289855957,1.248038087099826,1.7286062240600586
1.4042935371398926,1.2479130832850125,1.7094643115997314,1.2481630909146397,1.7511420249938965
1.4269180297851562,1.2481630909146397,1.7313106060028076,1.2482880947294535,1.7737855911254883
1.446331262588501,1.248038087099826,1.7544922828674316,1.2481630909146397,1.7969727516174316
1.4669623374938965,1.2481630909146397,1.7774245738983154,1.2482880947294535,1.8199973106384277
1.4906277656555176,1.248038087099826,1.8091485500335693,1.2482880947294535,1.8425698280334473
1.5114071369171143,1.2482880947294535,1.8264319896697998,1.2482880947294535,1.8651597499847412
1.533780813217163,1.2481630909146397,1.8501055240631104,1.2482880947294535,1.8876557350158691
1.558603286743164,1.2482880947294535,1.8703405857086182,1.2481630909146397,1.9105479717254639
1.5783953666687012,1.2481630909146397,1.8939189910888672,1.2482880947294535,1.9334723949432373
1.6016066074371338,1.2481630909146397,1.9158916473388672,1.2481630909146397,1.9562864303588867
1.6223866939544678,1.247663075655385,1.936227560043335,1.2482880947294535,1.980147361755371
1.6468253135681152,1.2481630909146397,1.9616475105285645,1.2482880947294535,2.0043091773986816
1.6658785343170166,1.2481630909146397,2.0025084018707275,1.2482880947294535,2.0275468826293945
1.6878514289855957,1.248038087099826,2.014620780944824,1.2482880947294535,2.05153226852417
1.7094643115997314,1.2481630909146397,2.0327796936035156,1.2482880947294535,2.0755958557128906
1.7313106060028076,1.2482880947294535,2.054189920425415,1.2481630909146397,2.0999767780303955
1.7544922828674316,1.2481630909146397,2.0863938331604004,1.2481630909146397,2.1244056224823
1.7774245738983154,1.2482880947294535,2.106163263320923,1.2484130985442672,2.1482880115509033
1.797429084777832,1.2481630909146397,2.130591630935669,1.2482880947294535,2.1723036766052246
1.8091485500335693,1.2482880947294535,2.154541254043579,1.2482880947294535,2.1964008808135986
1.8264319896697998,1.2482880947294535,2.177645206451416,1.2482880947294535,2.220820665359497
1.8501055240631104,1.2482880947294535,2.1990487575531006,1.2482880947294535,2.245600938796997
1.8703405857086182,1.2481630909146397,2.2237372398376465,1.2482880947294535,2.2697668075561523
1.8939189910888672,1.2482880947294535,2.248793363571167,1.2482880947294535,2.294415235519409
1.9158916473388672,1.2481630909146397,2.273092031478882,1.2482880947294535,2.3190393447875977
1.936227560043335,1.2482880947294535,2.297621250152588,1.2481630909146397,2.3392200469970703
1.9616475105285645,1.2482880947294535,2.3244638442993164,1.2481630909146397,2.3576483726501465
1.983140468597412,1.2484130985442672,2.343742609024048,1.2482880947294535,2.377389669418335
2.0025084018707275,1.2482880947294535,2.3628830909729004,1.2477880794701988,2.395925998687744
2.014620780944824,1.2482880947294535,2.385704278945923,1.2482880947294535,2.415515899658203
2.0327796936035156,1.2482880947294535,2.402343511581421,1.2482880947294535,2.43572735786438
2.054189920425415,1.2481630909146397,2.422128915786743,1.2482880947294535,2.4553844928741455
2.0753133296966553,1.2484130985442672,2.4438135623931885,1.2481630909146397,2.474327325820923
2.0863938331604004,1.2481630909146397,2.4635655879974365,1.2481630909146397,2.4942383766174316
2.106163263320923,1.2484130985442672,2.4821383953094482,1.2481630909146397,2.5132761001586914
2.130591630935669,1.2482880947294535,2.502713918685913,1.2482880947294535,2.5327868461608887
2.154541254043579,1.2482880947294535,2.521782636642456,1.2482880947294535,2.552407741546631
2.177645206451416,1.2482880947294535,2.5413341522216797,1.2482880947294535,2.575949192047119
2.1990487575531006,1.2482880947294535,2.5599770545959473,1.2482880947294535,2.6001131534576416
2.2237372398376465,1.2482880947294535,2.5845086574554443,1.247663075655385,2.6242127418518066
2.248793363571167,1.2482880947294535,2.6063966751098633,1.2481630909146397,2.648183822631836
2.273092031478882,1.2482880947294535,2.62949275970459,1.2481630909146397,2.6720240116119385
2.297621250152588,1.2481630909146397,2.650757312774658,1.2481630909146397,2.6962146759033203
2.3244638442993164,1.2481630909146397,2.67488694190979,1.2481630909146397,2.7202348709106445
2.343742609024048,1.2482880947294535,2.6988940238952637,1.2484130985442672,2.744547128677368
2.3628830909729004,1.2477880794701988,2.73447585105896,1.2482880947294535,2.7682175636291504
2.385704278945923,1.2482880947294535,2.752344846725464,1.2481630909146397,2.7926173210144043
2.402343511581421,1.2482880947294535,2.773689031600952,1.2484130985442672,2.817099094390869
2.422128915786743,1.2482880947294535,2.796109199523926,1.2482880947294535,2.841066360473633
2.4438135623931885,1.2481630909146397,2.8199496269226074,1.2482880947294535,2.865624189376831
2.4635655879974365,1.2481630909146397,2.8440332412719727,1.2482880947294535,2.88996958732605
2.4821383953094482,1.2481630909146397,2.8724136352539062,1.2484130985442672,2.914426803588867
2.502713918685913,1.2482880947294535,2.895441770553589,1.2479130832850125,2.93981671333313
2.521782636642456,1.2482880947294535,2.9169368743896484,1.2481630909146397,2.964367389678955
2.5413341522216797,1.2482880947294535,2.942781925201416,1.2481630909146397,2.9884307384490967
2.5599770545959473,1.2482880947294535,2.9759953022003174,1.2482880947294535,3.0140602588653564
2.5845086574554443,1.247663075655385,2.9950387477874756,1.2482880947294535,3.0377044677734375
2.6063966751098633,1.2481630909146397,3.019230604171753,1.2481630909146397,3.0619959831237793
2.62949275970459,1.2481630909146397,3.0413341522216797,1.2482880947294535,3.08622407913208
2.650757312774658,1.2481630909146397,3.0647923946380615,1.2481630909146397,3.110938310623169
2.67488694190979,1.2481630909146397,3.0890491008758545,1.2481630909146397,3.135373830795288
2.6988940238952637,1.2484130985442672,3.1141815185546875,1.247663075655385,3.1599040031433105
2.719918966293335,1.2479130832850125,3.1385562419891357,1.2482880947294535,3.1841201782226562
2.73447585105896,1.2482880947294535,3.162872791290283,1.2482880947294535,3.2085931301116943
2.752344846725464,1.2481630909146397,3.1894116401672363,1.2481630909146397,3.2329137325286865
2.773689031600952,1.2484130985442672,3.215036392211914,1.2482880947294535,3.25730562210083
2.796109199523926,1.2482880947294535,3.239076852798462,1.2482880947294535,3.2820191383361816
2.8199496269226074,1.2482880947294535,3.2627413272857666,1.2482880947294535,3.306791305541992
2.8440332412719727,1.2482880947294535,3.2854933738708496,1.2479130832850125,3.3312692642211914
2.8724136352539062,1.2484130985442672,3.312004327774048,1.2482880947294535,3.3557326793670654
2.895441770553589,1.2479130832850125,3.334451913833618,1.2481630909146397,3.3799705505371094
2.9169368743896484,1.2481630909146397,3.364316701889038,1.2482880947294535,3.404303789138794
2.942781925201416,1.2481630909146397,3.3843657970428467,1.2482880947294535,3.4290060997009277
2.9640398025512695,1.2484130985442672,3.407106399536133,1.2484130985442672,3.4535346031188965
2.9759953022003174,1.2482880947294535,3.4397566318511963,1.2481630909146397,3.4780378341674805
2.9950387477874756,1.2482880947294535,3.4599661827087402,1.2482880947294535,3.49723219871521
3.019230604171753,1.2481630909146397,3.4806923866271973,1.2484130985442672,3.5166287422180176
3.0413341522216797,1.2482880947294535,3.5048763751983643,1.2482880947294535,3.5366013050079346
3.0647923946380615,1.2481630909146397,3.525735855102539,1.2481630909146397,3.55607533454895
3.0890491008758545,1.2481630909146397,3.541806936264038,1.2482880947294535,3.5752408504486084
3.1141815185546875,1.247663075655385,3.5613291263580322,1.2481630909146397,3.594120979309082
3.1385562419891357,1.2482880947294535,3.583991527557373,1.2481630909146397,3.6133251190185547
3.162872791290283,1.2482880947294535,3.6026899814605713,1.2475380718405713,3.632218599319458
3.1894116401672363,1.2481630909146397,3.6220016479492188,1.2482880947294535,3.651271343231201
3.215036392211914,1.2482880947294535,3.637652635574341,1.2481630909146397,3.6755924224853516
3.239076852798462,1.2482880947294535,3.6567227840423584,1.2481630909146397,3.6998114585876465
3.2627413272857666,1.2482880947294535,3.680668830871582,1.2481630909146397,3.7239437103271484
3.2854933738708496,1.2479130832850125,3.705122470855713,1.2481630909146397,3.7484796047210693
3.312004327774048,1.2482880947294535,3.7302980422973633,1.2481630909146397,3.772984027862549
3.334451913833618,1.2481630909146397,3.751664400100708,1.2482880947294535,3.7975637912750244
3.364316701889038,1.2482880947294535,3.776343584060669,1.248038087099826,3.822185754776001
3.3843657970428467,1.2482880947294535,3.8003485202789307,1.2481630909146397,3.841297149658203
3.407106399536133,1.2484130985442672,3.827457904815674,1.2482880947294535,3.8608322143554688
3.428690195083618,1.2481630909146397,3.847844362258911,1.2482880947294535,3.8799240589141846
3.4397566318511963,1.2481630909146397,3.8692855834960938,1.2481630909146397,3.899113893508911
3.4599661827087402,1.2482880947294535,3.886152982711792,1.2482880947294535,3.918210506439209
3.4806923866271973,1.2484130985442672,3.907644033432007,1.2475380718405713,3.936894178390503
3.5048763751983643,1.2482880947294535,3.9245059490203857,1.2482880947294535,3.9614601135253906
3.525735855102539,1.2481630909146397,3.945604085922241,1.2482880947294535,3.9857373237609863
3.541806936264038,1.2482880947294535,3.9677460193634033,1.2482880947294535,4.010067462921143
3.5613291263580322,1.2481630909146397,3.990966796875,1.2481630909146397,4.034677982330322
3.583991527557373,1.2481630909146397,4.012869596481323,1.2482880947294535,4.05911660194397
3.6026899814605713,1.2475380718405713,4.039065599441528,1.2482880947294535,4.083947658538818
3.6220016479492188,1.2482880947294535,4.0680131912231445,1.2482880947294535,4.108218193054199
3.637652635574341,1.2481630909146397,4.091366767883301,1.2481630909146397,4.132721185684204
3.6567227840423584,1.2481630909146397,4.116793155670166,1.2481630909146397,4.151675701141357
3.680668830871582,1.2481630909146397,4.137980222702026,1.2481630909146397,4.171105623245239
3.705122470855713,1.2481630909146397,4.158965349197388,1.2484130985442672,4.191389560699463
3.7302980422973633,1.2481630909146397,4.180020093917847,1.2481630909146397,4.211474418640137
3.751664400100708,1.2482880947294535,4.200450658798218,1.2482880947294535,4.230628252029419
3.776343584060669,1.248038087099826,4.219966888427734,1.2481630909146397,4.249458074569702
3.8003485202789307,1.2481630909146397,4.239099025726318,1.2481630909146397,4.274510145187378
3.827457904815674,1.2482880947294535,4.258505344390869,1.2482880947294535,4.29840350151062
3.847844362258911,1.2482880947294535,4.279760122299194,1.2482880947294535,4.323963403701782
3.8692855834960938,1.2481630909146397,4.302719831466675,1.2481630909146397,4.348279237747192
3.886152982711792,1.2482880947294535,4.3346898555755615,1.2482880947294535,4.372907638549805
3.907644033432007,1.2475380718405713,4.353771209716797,1.2481630909146397,4.397545099258423
3.9245059490203857,1.2482880947294535,4.378231763839722,1.2482880947294535,4.422057390213013
3.945604085922241,1.2482880947294535,4.400723457336426,1.2482880947294535,4.446685075759888
3.9677460193634033,1.2482880947294535,4.424948692321777,1.2482880947294535,4.472848892211914
3.990966796875,1.2481630909146397,4.468966007232666,1.2482880947294535,4.555240631103516
4.012869596481323,1.2482880947294535,4.532188177108765,1.2482880947294535,4.579391241073608
4.039065599441528,1.2482880947294535,4.57305121421814,1.2482880947294535,4.603230953216553
4.0680131912231445,1.2482880947294535,4.60246729850769,1.2482880947294535,4.6258203983306885
4.091366767883301,1.2481630909146397,4.613280534744263,1.2482880947294535,4.648648977279663
4.116793155670166,1.2481630909146397,4.642454624176025,1.2482880947294535,4.672350883483887
4.137980222702026,1.2481630909146397,4.666712999343872,1.2482880947294535,4.6944098472595215
4.158965349197388,1.2484130985442672,4.693995237350464,1.2482880947294535,4.716233730316162
4.180020093917847,1.2481630909146397,4.705209493637085,1.2484130985442672,4.740253925323486
4.200450658798218,1.2482880947294535,4.733516454696655,1.2481630909146397,4.762683629989624
4.219966888427734,1.2481630909146397,4.762258291244507,1.2481630909146397,4.787298202514648
4.239099025726318,1.2481630909146397,4.773441314697266,1.2482880947294535,4.807437181472778
4.258505344390869,1.2482880947294535,4.789439916610718,1.2481630909146397,4.827080249786377
4.279760122299194,1.2482880947294535,4.811664342880249,1.2482880947294535,4.847203016281128
4.302719831466675,1.2481630909146397,4.832486629486084,1.2481630909146397,4.8675537109375
4.3234593868255615,1.2482880947294535,4.852578401565552,1.2481630909146397,4.88772988319397
4.3346898555755615,1.2482880947294535,4.876763582229614,1.2482880947294535,4.909720182418823
4.353771209716797,1.2481630909146397,4.893254280090332,1.2482880947294535,4.9303295612335205
4.378231763839722,1.2482880947294535,4.912773132324219,1.2482880947294535,4.95051121711731
4.400723457336426,1.2482880947294535,4.933398485183716,1.2481630909146397,4.971146583557129
4.424948692321777,1.2482880947294535,4.954421520233154,1.2482880947294535,4.989571809768677
4.4495933055877686,1.2481630909146397,4.9754626750946045,1.2482880947294535,5.008838176727295
4.468966007232666,1.2482880947294535,4.9970245361328125,1.2481630909146397,5.028309106826782
4.481997489929199,1.2481630909146397,5.0141026973724365,1.2481630909146397,5.047933101654053
4.4923014640808105,1.248038087099826,5.035382032394409,1.2482880947294535,5.067674398422241
4.502260208129883,1.2484130985442672,5.056886911392212,1.2481630909146397,5.088349103927612
4.512038469314575,1.2482880947294535,5.077044248580933,1.2481630909146397,5.108252763748169
4.521986961364746,1.2481630909146397,5.093855619430542,1.2481630909146397,5.127657651901245
4.532188177108765,1.2482880947294535,5.113377332687378,1.248038087099826,5.147064924240112
4.558054208755493,1.2484130985442672,5.131837368011475,1.2484130985442672,5.166932582855225
4.57305121421814,1.2482880947294535,5.1496453285217285,1.2482880947294535,5.187855005264282
4.585129022598267,1.2481630909146397,5.179072618484497,1.2482880947294535,5.207916736602783
4.60246729850769,1.2482880947294535,5.195863962173462,1.2482880947294535,5.227547645568848
4.613280534744263,1.2482880947294535,5.2154622077941895,1.2482880947294535,5.247301816940308
4.629324913024902,1.2482880947294535,5.236315727233887,1.2481630909146397,5.266590118408203
4.642454624176025,1.2482880947294535,5.256375312805176,1.2481630909146397,5.293005466461182
4.654507637023926,1.2482880947294535,5.275823354721069,1.2481630909146397,5.318293571472168
4.666712999343872,1.2482880947294535,5.300785303115845,1.2482880947294535,5.34435248374939
4.6778342723846436,1.2482880947294535,5.324678421020508,1.2481630909146397,5.369437217712402
4.693995237350464,1.2482880947294535,5.347399711608887,1.2484130985442672,5.395275831222534
4.705209493637085,1.2484130985442672,5.37477970123291,1.2482880947294535,5.420417308807373
4.720319986343384,1.2482880947294535,5.400836944580078,1.2482880947294535,5.446066617965698
4.733516454696655,1.2481630909146397,5.42324161529541,1.248038087099826,5.4720542430877686
4.745553016662598,1.2482880947294535,5.468817234039307,1.2482880947294535,5.498259782791138
4.762258291244507,1.2481630909146397,5.482708930969238,1.2484130985442672,5.517962694168091
4.773441314697266,1.2482880947294535,5.503952980041504,1.2471630603961303,5.537744045257568
4.789439916610718,1.2481630909146397,5.526715040206909,1.2481630909146397,5.558469772338867
4.811664342880249,1.2482880947294535,5.545010328292847,1.2482880947294535,5.577944040298462
4.832486629486084,1.2481630909146397,5.564000129699707,1.2482880947294535,5.603221893310547
4.852578401565552,1.2481630909146397,5.585890769958496,1.2482880947294535,5.628769159317017
4.876763582229614,1.2482880947294535,5.609844446182251,1.2482880947294535,5.654286623001099
4.893254280090332,1.2482880947294535,5.631879568099976,1.2481630909146397,5.679865121841431
4.912773132324219,1.2482880947294535,5.657889366149902,1.2481630909146397,5.705145359039307
4.933398485183716,1.2481630909146397,5.684372425079346,1.2482880947294535,5.730824708938599
4.954421520233154,1.2482880947294535,5.710876941680908,1.2482880947294535,5.756536960601807
4.9754626750946045,1.2482880947294535,5.736688852310181,1.2481630909146397,5.782410383224487
4.9970245361328125,1.2481630909146397,5.759504795074463,1.2482880947294535,5.808139324188232
5.0141026973724365,1.2481630909146397,5.795155048370361,1.2482880947294535,5.834998369216919
5.035382032394409,1.2482880947294535,5.813734531402588,1.2481630909146397,5.855645418167114
5.056886911392212,1.2481630909146397,5.8379364013671875,1.2482880947294535,5.875403642654419
5.077044248580933,1.2481630909146397,5.860338926315308,1.2482880947294535,5.894836664199829
5.093855619430542,1.2481630909146397,5.883013725280762,1.2481630909146397,5.914307355880737
5.113377332687378,1.248038087099826,5.903435230255127,1.2482880947294535,5.933732986450195
5.131837368011475,1.2484130985442672,5.92082142829895,1.2482880947294535,5.954676866531372
5.1496453285217285,1.2482880947294535,5.939111232757568,1.2482880947294535,5.973942995071411
5.167240858078003,1.2482880947294535,5.962400674819946,1.2482880947294535,5.9930830001831055
5.179072618484497,1.2482880947294535,5.9814839363098145,1.2481630909146397,6.012363433837891
5.195863962173462,1.2482880947294535,6.000807285308838,1.2482880947294535,6.032379388809204
5.2154622077941895,1.2482880947294535,6.0196213722229,1.2481630909146397,6.051511526107788
5.236315727233887,1.2481630909146397,6.0409886837005615,1.2484130985442672,6.071953773498535
5.256375312805176,1.2481630909146397,6.060107469558716,1.2481630909146397,6.09106969833374
5.275823354721069,1.2481630909146397,6.077453136444092,1.2482880947294535,6.115428686141968
5.300785303115845,1.2482880947294535,6.096491098403931,1.2481630909146397,6.1399595737457275
5.324678421020508,1.2481630909146397,6.118457794189453,1.248038087099826,6.164973497390747
5.347399711608887,1.2484130985442672,6.145451545715332,1.2482880947294535,6.189473628997803
5.37477970123291,1.2482880947294535,6.170117139816284,1.2482880947294535,6.214220762252808
5.400836944580078,1.2482880947294535,6.19233250617981,1.2482880947294535,6.239031791687012
5.42324161529541,1.248038087099826,6.2195212841033936,1.2481630909146397,6.25934362411499
5.4489665031433105,1.2481630909146397,6.244788646697998,1.2482880947294535,6.278719425201416
5.468817234039307,1.2482880947294535,6.264652490615845,1.2481630909146397,6.298198938369751
5.482708930969238,1.2484130985442672,6.28644871711731,1.2481630909146397,6.317971467971802
5.503952980041504,1.2471630603961303,6.305994749069214,1.2481630909146397,6.337664604187012
5.526715040206909,1.2481630909146397,6.32389497756958,1.248038087099826,6.357405185699463
5.545010328292847,1.2482880947294535,6.340981960296631,1.2482880947294535,6.3822243213653564
5.564000129699707,1.2482880947294535,6.362561464309692,1.2482880947294535,6.40687370300293
5.585890769958496,1.2482880947294535,6.394160747528076,1.2482880947294535,6.4322803020477295
5.609844446182251,1.2482880947294535,6.413264513015747,1.2484130985442672,6.456936597824097
5.631879568099976,1.2481630909146397,6.43542218208313,1.2482880947294535,6.481818437576294
5.657889366149902,1.2481630909146397,6.459707498550415,1.2482880947294535,6.506680011749268
5.684372425079346,1.2482880947294535,6.486146688461304,1.2482880947294535,6.5314600467681885
5.710876941680908,1.2482880947294535,6.511965036392212,1.2481630909146397,6.550675392150879
5.736688852310181,1.2481630909146397,6.5399768352508545,1.2481630909146397,6.570308685302734
5.759504795074463,1.2482880947294535,6.559474229812622,1.2481630909146397,6.589725971221924
5.7821266651153564,1.2482880947294535,6.5759570598602295,1.2482880947294535,6.608927965164185
5.795155048370361,1.2482880947294535,6.596031904220581,1.2485381023590807,6.628034591674805
5.813734531402588,1.2481630909146397,6.61506724357605,1.2481630909146397,6.659083127975464
5.8379364013671875,1.2482880947294535,6.639297008514404,1.2481630909146397,6.684178590774536
5.860338926315308,1.2482880947294535,6.674357175827026,1.2482880947294535,6.709107160568237
5.883013725280762,1.2481630909146397,6.691413402557373,1.2482880947294535,6.728314399719238
5.903435230255127,1.2482880947294535,6.713422775268555,1.2482880947294535,6.7473838329315186
5.92082142829895,1.2482880947294535,6.732418775558472,1.2482880947294535,6.7723143100738525
5.939111232757568,1.2482880947294535,6.753744840621948,1.2482880947294535,6.796774864196777
5.962400674819946,1.2482880947294535,6.780958414077759,1.2481630909146397,6.821386098861694
5.9814839363098145,1.2481630909146397,6.8010008335113525,1.248038087099826,6.84544038772583
6.000807285308838,1.2482880947294535,6.824588775634766,1.2482880947294535,6.8695197105407715
6.0196213722229,1.2481630909146397,6.848588705062866,1.2481630909146397,6.894197225570679
6.0409886837005615,1.2484130985442672,6.872349977493286,1.2481630909146397,6.9196107387542725
6.060107469558716,1.2481630909146397,6.897408485412598,1.2479130832850125,6.944636583328247
6.077453136444092,1.2482880947294535,6.931670904159546,1.2482880947294535,6.968900918960571
6.096491098403931,1.2481630909146397,6.9521191120147705,1.2482880947294535,6.993371486663818
6.118457794189453,1.248038087099826,6.973546743392944,1.2481630909146397,7.017448663711548
6.145451545715332,1.2482880947294535,6.99635648727417,1.2482880947294535,7.041751384735107
6.170117139816284,1.2482880947294535,7.022969007492065,1.2482880947294535,7.066521167755127
6.19233250617981,1.2482880947294535,7.044587135314941,1.2481630909146397,7.091723680496216
6.2195212841033936,1.2481630909146397,7.088888168334961,1.2482880947294535,7.11666202545166
6.244788646697998,1.2482880947294535,7.101857900619507,1.2482880947294535,7.14112401008606
6.264652490615845,1.2481630909146397,7.120831489562988,1.2482880947294535,7.165583610534668
6.28644871711731,1.2481630909146397,7.144299030303955,1.2484130985442672,7.190546751022339
6.305994749069214,1.2481630909146397,7.1684043407440186,1.2482880947294535,7.215605974197388
6.32389497756958,1.248038087099826,7.20281982421875,1.2481630909146397,7.240566730499268
6.340981960296631,1.2482880947294535,7.223256587982178,1.2481630909146397,7.265604496002197
6.362561464309692,1.2482880947294535,7.247198820114136,1.2482880947294535,7.291043043136597
6.382657527923584,1.2482880947294535,7.2685935497283936,1.2482880947294535,7.3165647983551025
6.394160747528076,1.2482880947294535,7.303356647491455,1.2482880947294535,7.341678857803345
6.413264513015747,1.2484130985442672,7.324209928512573,1.2484130985442672,7.360911846160889
6.43542218208313,1.2482880947294535,7.346943616867065,1.2481630909146397,7.380331993103027
6.459707498550415,1.2482880947294535,7.3696277141571045,1.2482880947294535,7.399705171585083
6.486146688461304,1.2482880947294535,7.386298179626465,1.2482880947294535,7.419281482696533
6.511965036392212,1.2481630909146397,7.408116579055786,1.2481630909146397,7.438318729400635
6.5399768352508545,1.2481630909146397,7.42834997177124,1.2482880947294535,7.457970857620239
6.559474229812622,1.2481630909146397,7.445067644119263,1.2481630909146397,7.477411508560181
6.5759570598602295,1.2482880947294535,7.466407537460327,1.2481630909146397,7.497269868850708
6.596031904220581,1.2485381023590807,7.485934734344482,1.2481630909146397,7.516772508621216
6.61506724357605,1.2481630909146397,7.504839658737183,1.2482880947294535,7.536144733428955
6.639297008514404,1.2481630909146397,7.522159099578857,1.2482880947294535,7.5552685260772705
6.65950870513916,1.2482880947294535,7.543745994567871,1.2481630909146397,7.5748207569122314
6.674357175827026,1.2482880947294535,7.560851097106934,1.2482880947294535,7.594093084335327
6.691413402557373,1.2482880947294535,7.579959154129028,1.2481630909146397,7.618668556213379
6.713422775268555,1.2482880947294535,7.602571725845337,1.2482880947294535,7.643546104431152
6.732418775558472,1.2482880947294535,7.624243974685669,1.2481630909146397,7.668216705322266
6.753744840621948,1.2482880947294535,7.646238088607788,1.2481630909146397,7.6925671100616455
6.780958414077759,1.2481630909146397,7.672398567199707,1.2484130985442672,7.717424154281616
6.8010008335113525,1.248038087099826,7.697760581970215,1.2482880947294535,7.7421722412109375
6.824588775634766,1.2482880947294535,7.72008752822876,1.2484130985442672,7.766952991485596
6.848588705062866,1.2481630909146397,7.745559930801392,1.2481630909146397,7.7913713455200195
6.872349977493286,1.2481630909146397,7.769694805145264,1.2484130985442672,7.8162312507629395
6.897408485412598,1.2479130832850125,7.806349277496338,1.2482880947294535,7.84095025062561
6.919332265853882,1.2481630909146397,7.824065923690796,1.2481630909146397,7.865355968475342
6.931670904159546,1.2482880947294535,7.847245931625366,1.2481630909146397,7.889765739440918
6.9521191120147705,1.2482880947294535,7.869613409042358,1.2481630909146397,7.915212154388428
6.973546743392944,1.2481630909146397,7.901908874511719,1.2481630909146397,7.940104722976685
6.99635648727417,1.2482880947294535,7.922733783721924,1.2482880947294535,7.959717512130737
7.022969007492065,1.2482880947294535,7.945055961608887,1.2481630909146397,7.979241132736206
7.044587135314941,1.2481630909146397,7.968078136444092,1.2482880947294535,8.004557132720947
7.069289207458496,1.2482880947294535,7.985593557357788,1.2482880947294535,8.029591798782349
7.088888168334961,1.2482880947294535,8.016628742218018,1.2482880947294535,8.05478048324585
7.101857900619507,1.2482880947294535,8.036031723022461,1.2484130985442672,8.079716682434082
7.120831489562988,1.2482880947294535,8.057427167892456,1.2482880947294535,8.104618072509766
7.144299030303955,1.2484130985442672,8.082504034042358,1.2481630909146397,8.129294872283936
7.1684043407440186,1.2482880947294535,8.11297607421875,1.2482880947294535,8.15478229522705
7.19099760055542,1.2481630909146397,8.133618116378784,1.2482880947294535,8.179561853408813
7.20281982421875,1.2481630909146397,8.1663498878479,1.2481630909146397,8.2042236328125
7.223256587982178,1.2481630909146397,8.184969425201416,1.2481630909146397,8.228893756866455
7.247198820114136,1.2482880947294535,8.210527181625366,1.2482880947294535,8.248166799545288
7.2685935497283936,1.2482880947294535,8.234195232391357,1.2481630909146397,8.267794609069824
7.290766477584839,1.2482880947294535,8.253886461257935,1.2484130985442672,8.287908792495728
7.303356647491455,1.2482880947294535,8.27431869506836,1.2481630909146397,8.307706356048584
7.324209928512573,1.2484130985442672,8.293225288391113,1.2481630909146397,8.327188730239868
7.346943616867065,1.2481630909146397,8.311941146850586,1.2482880947294535,8.346495151519775
7.3696277141571045,1.2482880947294535,8.331400632858276,1.2481630909146397,8.366070747375488
7.386298179626465,1.2482880947294535,8.35433030128479,1.2482880947294535,8.385571002960205
7.408116579055786,1.2481630909146397,8.37461233139038,1.2481630909146397,8.40520715713501
7.42834997177124,1.2482880947294535,8.39421796798706,1.2482880947294535,8.424863576889038
7.445067644119263,1.2481630909146397,8.41143012046814,1.2481630909146397,8.44419813156128
7.466407537460327,1.2481630909146397,8.432466268539429,1.2481630909146397,8.463485956192017
7.485934734344482,1.2481630909146397,8.451762199401855,1.2482880947294535,8.488564491271973
7.504839658737183,1.2482880947294535,8.47130274772644,1.2482880947294535,8.513739109039307
7.522159099578857,1.2482880947294535,8.493724346160889,1.2481630909146397,8.538844585418701
7.543745994567871,1.2481630909146397,8.519087553024292,1.2481630909146397,8.563613414764404
7.560851097106934,1.2482880947294535,8.541472434997559,1.2481630909146397,8.588724851608276
7.579959154129028,1.2481630909146397,8.566444158554077,1.2481630909146397,8.61336374282837
7.602571725845337,1.2482880947294535,8.60062026977539,1.248038087099826,8.638323068618774
7.624243974685669,1.2481630909146397,8.618780851364136,1.2481630909146397,8.657408237457275
7.646238088607788,1.2481630909146397,8.641544103622437,1.2482880947294535,8.676300287246704
7.672398567199707,1.2484130985442672,8.662657499313354,1.2481630909146397,8.69579291343689
7.697760581970215,1.2482880947294535,8.681921482086182,1.2481630909146397,8.715172529220581
7.72008752822876,1.2484130985442672,8.700963258743286,1.248038087099826,8.73441457748413
7.745559930801392,1.2481630909146397,8.723581075668335,1.2482880947294535,8.753734111785889
7.769694805145264,1.2484130985442672,8.742210626602173,1.2482880947294535,8.772902488708496
7.7910706996917725,1.2482880947294535,8.761345148086548,1.2484130985442672,8.797672510147095
7.806349277496338,1.2482880947294535,8.779196500778198,1.2482880947294535,8.822385549545288
7.824065923690796,1.2481630909146397,8.802923679351807,1.2482880947294535,8.847157716751099
7.847245931625366,1.2481630909146397,8.825074911117554,1.2481630909146397,8.872375726699829
7.869613409042358,1.2481630909146397,8.86951470375061,1.2482880947294535,8.897461891174316
7.890208959579468,1.2482880947294535,8.882680416107178,1.2482880947294535,8.916534900665283
7.901908874511719,1.2481630909146397,8.905730247497559,1.2482880947294535,8.935873031616211
7.922733783721924,1.2482880947294535,8.922919988632202,1.2482880947294535,8.955585956573486
7.945055961608887,1.2481630909146397,8.94503903388977,1.2482880947294535,8.980324506759644
7.968078136444092,1.2482880947294535,8.961870431900024,1.2481630909146397,9.00528073310852
7.985593557357788,1.2482880947294535,8.985730409622192,1.2482880947294535,9.029866456985474
8.00498652458191,1.2482880947294535,9.007947206497192,1.2482880947294535,9.05458927154541
8.016628742218018,1.2482880947294535,9.03537106513977,1.2481630909146397,9.079412937164307
8.036031723022461,1.2484130985442672,9.060842752456665,1.248038087099826,9.104438781738281
8.057427167892456,1.2482880947294535,9.082604885101318,1.2482880947294535,9.1292724609375
8.082504034042358,1.2481630909146397,9.107205629348755,1.2481630909146397,9.15430760383606
8.11297607421875,1.2482880947294535,9.140369653701782,1.2482880947294535,9.179075479507446
8.133618116378784,1.2482880947294535,9.160385608673096,1.2481630909146397,9.19821310043335
8.155176639556885,1.2482880947294535,9.181779384613037,1.2481630909146397,9.22277045249939
8.1663498878479,1.2481630909146397,9.200942754745483,1.2481630909146397,9.248029947280884
8.184969425201416,1.2481630909146397,9.225639820098877,1.2482880947294535,9.273139953613281
8.210527181625366,1.2482880947294535,9.250823259353638,1.2482880947294535,9.29839301109314
8.234195232391357,1.2481630909146397,9.276537656784058,1.2484130985442672,9.323369026184082
8.253886461257935,1.2484130985442672,9.301167726516724,1.2482880947294535,9.348780870437622
8.27431869506836,1.2481630909146397,9.335240602493286,1.2482880947294535,9.37372875213623
8.293225288391113,1.2481630909146397,9.354158163070679,1.2482880947294535,9.398510932922363
8.311941146850586,1.2482880947294535,9.376974821090698,1.2482880947294535,9.423722743988037
8.331400632858276,1.2481630909146397,9.412944555282593,1.2482880947294535,9.448810815811157
8.35433030128479,1.2482880947294535,9.432218790054321,1.2481630909146397,9.46807050704956
8.37461233139038,1.2481630909146397,9.453049659729004,1.2484130985442672,9.487993955612183
8.39421796798706,1.2482880947294535,9.476496458053589,1.2482880947294535,9.513246774673462
8.41143012046814,1.2481630909146397,9.494123935699463,1.2484130985442672,9.538312435150146
8.432466268539429,1.2481630909146397,9.535088539123535,1.2481630909146397,9.563092470169067
8.451762199401855,1.2482880947294535,9.547937870025635,1.2481630909146397,9.58167576789856
8.47130274772644,1.2482880947294535,9.57048511505127,1.2481630909146397,9.606204271316528
8.493724346160889,1.2481630909146397,9.589466333389282,1.2481630909146397,9.630882024765015
8.519087553024292,1.2481630909146397,9.612406253814697,1.2482880947294535,9.655066013336182
8.541472434997559,1.2481630909146397,9.633857011795044,1.2484130985442672,9.680005550384521
8.566444158554077,1.2481630909146397,9.658455610275269,1.2482880947294535,9.704174995422363
8.588444471359253,1.2481630909146397,9.685380697250366,1.2482880947294535,9.728816270828247
8.60062026977539,1.248038087099826,9.708677530288696,1.2481630909146397,9.753212213516235
8.618780851364136,1.2481630909146397,9.731553554534912,1.2481630909146397,9.772631406784058
8.641544103622437,1.2482880947294535,9.756545782089233,1.2482880947294535,9.792304515838623
8.662657499313354,1.2481630909146397,9.778170108795166,1.2482880947294535,9.81239938735962
8.681921482086182,1.2481630909146397,9.801318645477295,1.2481630909146397,9.831947326660156
8.700963258743286,1.248038087099826,9.82009744644165,1.2482880947294535,9.85116195678711
8.723581075668335,1.2482880947294535,9.839783906936646,1.2481630909146397,9.870970487594604
8.742210626602173,1.2482880947294535,9.8591468334198,1.2482880947294535,9.890965461730957
8.761345148086548,1.2484130985442672,9.877187252044678,1.2481630909146397,9.91072130203247
8.779196500778198,1.2482880947294535,9.89438509941101,1.2482880947294535,9.930262088775635
8.802923679351807,1.2482880947294535,9.91898226737976,1.2482880947294535,9.949955224990845
8.825074911117554,1.2481630909146397,9.938804149627686,1.2482880947294535,9.969310522079468
8.847627401351929,1.2484130985442672,9.95591115951538,1.248038087099826,9.989766836166382
8.86951470375061,1.2482880947294535,9.978012561798096,1.2482880947294535,10.014991521835327
8.882680416107178,1.2482880947294535,9.99791145324707,1.2481630909146397,10.039664268493652
8.905730247497559,1.2482880947294535,10.02022099494934,1.2481630909146397,10.064827919006348
8.922919988632202,1.2482880947294535,10.042900562286377,1.2481630909146397,10.089616537094116
8.94503903388977,1.2482880947294535,10.068030595779419,1.2481630909146397,10.114645004272461
8.961870431900024,1.2481630909146397,10.092922687530518,1.2482880947294535,10.139652252197266
8.985730409622192,1.2482880947294535,10.119057655334473,1.2482880947294535,10.164337873458862
9.007947206497192,1.2482880947294535,10.144348859786987,1.2482880947294535,10.189368963241577
9.03537106513977,1.2481630909146397,10.167140007019043,1.2482880947294535,10.214693307876587
9.060842752456665,1.248038087099826,10.192162990570068,1.2482880947294535,10.23979663848877
9.082604885101318,1.2482880947294535,10.218912839889526,1.2481630909146397,10.265837907791138
9.107205629348755,1.2481630909146397,10.26296591758728,1.2481630909146397,10.290977239608765
9.128992319107056,1.2482880947294535,10.275196552276611,1.2482880947294535,10.310853242874146
9.140369653701782,1.2482880947294535,10.297446966171265,1.2481630909146397,10.33592414855957
9.160385608673096,1.2481630909146397,10.317084789276123,1.2482880947294535,10.360879898071289
9.181779384613037,1.2481630909146397,10.338834285736084,1.2481630909146397,10.385805368423462
9.200942754745483,1.2481630909146397,10.364362239837646,1.2481630909146397,10.410775661468506
9.225639820098877,1.2482880947294535,10.38920521736145,1.2482880947294535,10.435874938964844
9.250823259353638,1.2482880947294535,10.416339635848999,1.2481630909146397,10.46112847328186
9.276537656784058,1.2484130985442672,10.44106650352478,1.2481630909146397,10.485651731491089
9.301167726516724,1.2482880947294535,10.463873624801636,1.2482880947294535,10.510820150375366
9.323085308074951,1.2482880947294535,10.488762617111206,1.2482880947294535,10.535587787628174
9.335240602493286,1.2482880947294535,10.513591766357422,1.2482880947294535,10.561056137084961
9.354158163070679,1.2482880947294535,10.538975238800049,1.2482880947294535,10.586001873016357
9.376974821090698,1.2482880947294535,10.57207727432251,1.2482880947294535,10.60564661026001
9.398953676223755,1.2482880947294535,10.591264486312866,1.2481630909146397,10.624812364578247
9.412944555282593,1.2482880947294535,10.614197254180908,1.2481630909146397,10.64359164237976
9.432218790054321,1.2481630909146397,10.633733749389648,1.2482880947294535,10.662776947021484
9.453049659729004,1.2484130985442672,10.652052402496338,1.2481630909146397,10.68248987197876
9.476496458053589,1.2482880947294535,10.671440601348877,1.2481630909146397,10.70206332206726
9.494123935699463,1.2484130985442672,10.691082954406738,1.2482880947294535,10.721288919448853
9.51366901397705,1.2481630909146397,10.706472158432007,1.2481630909146397,10.739980936050415
9.535088539123535,1.2481630909146397,10.726664543151855,1.2481630909146397,10.759932279586792
9.547937870025635,1.2481630909146397,10.745598316192627,1.2482880947294535,10.780031681060791
9.57048511505127,1.2481630909146397,10.76441240310669,1.2481630909146397,10.800572395324707
9.589466333389282,1.2481630909146397,10.785805940628052,1.2482880947294535,10.82029676437378
9.612406253814697,1.2482880947294535,10.806848287582397,1.2481630909146397,10.8403480052948
9.633857011795044,1.2484130985442672,10.825423955917358,1.2482880947294535,10.860032320022583
9.658455610275269,1.2482880947294535,10.846410512924194,1.2482880947294535,10.884978532791138
9.685380697250366,1.2482880947294535,10.86849069595337,1.2482880947294535,10.909974098205566
9.708677530288696,1.2481630909146397,10.891094207763672,1.2482880947294535,10.93458890914917
9.731553554534912,1.2481630909146397,10.91308069229126,1.2482880947294535,10.959946870803833
9.756545782089233,1.2482880947294535,10.93902063369751,1.2482880947294535,10.984561920166016
9.778170108795166,1.2482880947294535,10.963160514831543,1.2481630909146397,11.00992488861084
9.801318645477295,1.2481630909146397,10.987723588943481,1.2481630909146397,11.035269260406494
9.82009744644165,1.2482880947294535,11.021869897842407,1.2481630909146397,11.054744482040405
9.839783906936646,1.2481630909146397,11.043707370758057,1.2482880947294535,11.074205160140991
9.8591468334198,1.2482880947294535,11.063052654266357,1.2482880947294535,11.09350299835205
9.877187252044678,1.2481630909146397,11.082489252090454,1.2482880947294535,11.1132173538208
9.89438509941101,1.2482880947294535,11.099941492080688,1.2484130985442672,11.132442474365234
9.91898226737976,1.2482880947294535,11.118426322937012,1.2482880947294535,11.15180516242981
9.938804149627686,1.2482880947294535,11.140137910842896,1.2482880947294535,11.177201747894287
9.95591115951538,1.248038087099826,11.159701585769653,1.2482880947294535,11.201776504516602
9.978012561798096,1.2482880947294535,11.185455083847046,1.2482880947294535,11.226926803588867
9.99791145324707,1.2481630909146397,11.210079669952393,1.2481630909146397,11.25184941291809
10.02022099494934,1.2481630909146397,11.232179641723633,1.2482880947294535,11.27173376083374
10.042900562286377,1.2481630909146397,11.254698753356934,1.2481630909146397,11.29164981842041
10.068030595779419,1.2481630909146397,11.278672456741333,1.248038087099826,11.311924934387207
10.092922687530518,1.2482880947294535,11.300779342651367,1.2485381023590807,11.331664800643921
10.119057655334473,1.2482880947294535,11.32045578956604,1.2481630909146397,11.35156512260437
10.144348859786987,1.2482880947294535,11.337859869003296,1.2482880947294535,11.376235961914062
10.167140007019043,1.2482880947294535,11.357705116271973,1.2484130985442672,11.400653839111328
10.192162990570068,1.2482880947294535,11.37891960144043,1.2481630909146397,11.425554275512695
10.218912839889526,1.2481630909146397,11.40634799003601,1.2481630909146397,11.450047731399536
10.242671489715576,1.2482880947294535,11.428670883178711,1.2482880947294535,11.474937200546265
10.26296591758728,1.2481630909146397,11.45558476448059,1.2482880947294535,11.499591827392578
10.275196552276611,1.2482880947294535,11.477718114852905,1.2481630909146397,11.525331735610962
10.297446966171265,1.2481630909146397,11.511562824249268,1.2482880947294535,11.549871444702148
10.317084789276123,1.2482880947294535,11.532743453979492,1.2482880947294535,11.574649333953857
10.338834285736084,1.2481630909146397,11.555376291275024,1.2481630909146397,11.59910798072815
10.364362239837646,1.2481630909146397,11.582005739212036,1.2482880947294535,11.624484777450562
10.38920521736145,1.2482880947294535,11.604568243026733,1.2482880947294535,11.648617506027222
10.416339635848999,1.2481630909146397,11.627464532852173,1.2481630909146397,11.67327094078064
10.44106650352478,1.2481630909146397,11.65470838546753,1.2482880947294535,11.698264598846436
10.463873624801636,1.2482880947294535,11.679535388946533,1.2482880947294535,11.72282886505127
10.488762617111206,1.2482880947294535,11.700994491577148,1.2482880947294535,11.747730493545532
10.513591766357422,1.2482880947294535,11.737000465393066,1.2482880947294535,11.772798776626587
10.538975238800049,1.2482880947294535,11.75336217880249,1.2481630909146397,11.797675609588623
10.560758590698242,1.2482880947294535,11.77553129196167,1.2482880947294535,11.82272458076477
10.57207727432251,1.2482880947294535,11.800452947616577,1.2481630909146397,11.847981214523315
10.591264486312866,1.2481630909146397,11.829044342041016,1.2481630909146397,11.872636795043945
10.614197254180908,1.2481630909146397,11.850988149642944,1.2481630909146397,11.897577285766602
10.633733749389648,1.2482880947294535,11.881184577941895,1.2481630909146397,11.921923398971558
10.652052402496338,1.2481630909146397,11.90291976928711,1.2481630909146397,11.941665649414062
10.671440601348877,1.2481630909146397,11.9248046875,1.2484130985442672,11.961419582366943
10.691082954406738,1.2482880947294535,11.946826934814453,1.2481630909146397,11.980727434158325
10.706472158432007,1.2481630909146397,11.968899488449097,1.248038087099826,12.005663871765137
10.726664543151855,1.2481630909146397,11.988290071487427,1.2481630909146397,12.0308837890625
10.745598316192627,1.2482880947294535,12.012733936309814,1.248038087099826,12.05626368522644
10.76441240310669,1.2481630909146397,12.038430452346802,1.2481630909146397,12.081612348556519
10.785805940628052,1.2482880947294535,12.061357498168945,1.2481630909146397,12.106324195861816
10.806848287582397,1.2481630909146397,12.084255456924438,1.2481630909146397,12.131570816040039
10.825423955917358,1.2482880947294535,12.109166622161865,1.2481630909146397,12.151489019393921
10.846410512924194,1.2482880947294535,12.136940956115723,1.2482880947294535,12.171188116073608
10.86849069595337,1.2482880947294535,12.160030841827393,1.2482880947294535,12.190966606140137
10.891094207763672,1.2482880947294535,12.18034839630127,1.2481630909146397,12.210734367370605
10.91308069229126,1.2482880947294535,12.199958801269531,1.2481630909146397,12.230403661727905
10.93902063369751,1.2482880947294535,12.216933250427246,1.2481630909146397,12.249840259552002
10.963160514831543,1.2481630909146397,12.236143827438354,1.2481630909146397,12.269779682159424
10.987723588943481,1.2481630909146397,12.258757829666138,1.2482880947294535,12.289439678192139
11.010348320007324,1.2481630909146397,12.278208494186401,1.2482880947294535,12.309753179550171
11.021869897842407,1.2481630909146397,12.295961618423462,1.2482880947294535,12.32961654663086
11.043707370758057,1.2482880947294535,12.315981149673462,1.2481630909146397,12.349364042282104
11.063052654266357,1.2482880947294535,12.335100650787354,1.2484130985442672,12.369297504425049
11.082489252090454,1.2482880947294535,12.355592012405396,1.2482880947294535,12.38893747329712
11.099941492080688,1.2484130985442672,12.375539779663086,1.2482880947294535,12.41416335105896
11.118426322937012,1.2482880947294535,12.397329807281494,1.248038087099826,12.438689708709717
11.140137910842896,1.2482880947294535,12.41930866241455,1.2482880947294535,12.464124917984009
11.159701585769653,1.2482880947294535,12.44297981262207,1.2482880947294535,12.489034652709961
11.185455083847046,1.2482880947294535,12.466870069503784,1.2482880947294535,12.514488220214844
11.210079669952393,1.2481630909146397,12.491880893707275,1.248038087099826,12.539808750152588
11.232179641723633,1.2482880947294535,12.518906831741333,1.2481630909146397,12.564667224884033
11.254698753356934,1.2481630909146397,12.546183824539185,1.2482880947294535,12.589150667190552
11.278672456741333,1.248038087099826,12.567845821380615,1.2482880947294535,12.613629817962646
11.300779342651367,1.2485381023590807,12.592034578323364,1.2482880947294535,12.638306140899658
11.32045578956604,1.2481630909146397,12.624422073364258,1.2482880947294535,12.663148403167725
11.337859869003296,1.2482880947294535,12.644148111343384,1.2481630909146397,12.687147855758667
11.357705116271973,1.2484130985442672,12.663578271865845,1.2482880947294535,12.712805271148682
11.37891960144043,1.2481630909146397,12.699341535568237,1.2482880947294535,12.737518310546875
11.40634799003601,1.2481630909146397,12.718353986740112,1.2482880947294535,12.762441873550415
11.428670883178711,1.2482880947294535,12.742696762084961,1.2482880947294535,12.787514209747314
11.45558476448059,1.2482880947294535,12.76584243774414,1.2482880947294535,12.812415838241577
11.477718114852905,1.2481630909146397,12.790857553482056,1.2482880947294535,12.83807921409607
11.50003433227539,1.2482880947294535,12.81792688369751,1.2482880947294535,12.863046884536743
11.511562824249268,1.2482880947294535,12.84138011932373,1.2482880947294535,12.888400554656982
11.532743453979492,1.2482880947294535,12.875298738479614,1.2482880947294535,12.91340684890747
11.555376291275024,1.2481630909146397,12.896987915039062,1.2482880947294535,12.938210248947144
11.582005739212036,1.2482880947294535,12.918800115585327,1.2482880947294535,12.963366508483887
11.604568243026733,1.2482880947294535,12.940871000289917,1.2482880947294535,12.982784509658813
11.627464532852173,1.2481630909146397,12.966181755065918,1.2482880947294535,13.002659320831299
11.65470838546753,1.2482880947294535,12.990906953811646,1.2482880947294535,13.022209882736206
11.679535388946533,1.2482880947294535,13.009009599685669,1.2481630909146397,13.042258262634277
11.700994491577148,1.2482880947294535,13.030770063400269,1.2484130985442672,13.06155014038086
11.723265171051025,1.2482880947294535,13.0503671169281,1.2482880947294535,13.081631422042847
11.737000465393066,1.2482880947294535,13.06791615486145,1.2481630909146397,13.101515531539917
11.75336217880249,1.2481630909146397,13.087766170501709,1.2482880947294535,13.121121644973755
11.77553129196167,1.2482880947294535,13.107533693313599,1.2482880947294535,13.14133095741272
11.800452947616577,1.2481630909146397,13.129682779312134,1.2482880947294535,13.161003112792969
11.829044342041016,1.2481630909146397,13.149862289428711,1.2482880947294535,13.180904150009155
11.850988149642944,1.2481630909146397,13.167180061340332,1.2482880947294535,13.200717687606812
11.881184577941895,1.2481630909146397,13.187190294265747,1.2482880947294535,13.220648288726807
11.90291976928711,1.2481630909146397,13.206933736801147,1.2482880947294535,13.2401442527771
11.9248046875,1.2484130985442672,13.226428985595703,1.248038087099826,13.260949850082397
11.946826934814453,1.2481630909146397,13.246180534362793,1.2482880947294535,13.286523580551147
11.968899488449097,1.248038087099826,13.267404556274414,1.2484130985442672,13.311671733856201
11.988290071487427,1.2481630909146397,13.289708614349365,1.2482880947294535,13.336825609207153
12.012733936309814,1.248038087099826,13.320072650909424,1.2482880947294535,13.362016439437866
12.038430452346802,1.2481630909146397,13.342122554779053,1.2482880947294535,13.386783361434937
12.061357498168945,1.2481630909146397,13.36540174484253,1.2482880947294535,13.412598609924316
12.084255456924438,1.2481630909146397,13.40152645111084,1.2482880947294535,13.43296480178833
12.109166622161865,1.2481630909146397,13.417974948883057,1.2481630909146397,13.452468395233154
12.136940956115723,1.2482880947294535,13.438933849334717,1.2484130985442672,13.472730875015259
12.160030841827393,1.2482880947294535,13.46132516860962,1.2482880947294535,13.491663932800293
12.18034839630127,1.2481630909146397,13.478331089019775,1.2484130985442672,13.511475086212158
12.199958801269531,1.2481630909146397,13.49788784980774,1.2482880947294535,13.53180718421936
12.216933250427246,1.2481630909146397,13.516558408737183,1.2482880947294535,13.55105471611023
12.236143827438354,1.2481630909146397,13.539904117584229,1.2482880947294535,13.576343536376953
12.258757829666138,1.2482880947294535,13.559454917907715,1.2481630909146397,13.60113000869751
12.278208494186401,1.2482880947294535,13.580633163452148,1.2481630909146397,13.626802921295166
12.295961618423462,1.2482880947294535,13.613030433654785,1.2484130985442672,13.651382684707642
12.315981149673462,1.2481630909146397,13.63119649887085,1.2481630909146397,13.671007633209229
12.335100650787354,1.2484130985442672,13.654719591140747,1.2482880947294535,13.690361976623535
12.355592012405396,1.2482880947294535,13.676491498947144,1.2482880947294535,13.709942102432251
12.375539779663086,1.2482880947294535,13.697164058685303,1.2481630909146397,13.72994351387024
12.397329807281494,1.248038087099826,13.718368530273438,1.2482880947294535,13.749376773834229
12.41930866241455,1.2482880947294535,13.739013195037842,1.2481630909146397,13.775169134140015
12.44297981262207,1.2482880947294535,13.75917911529541,1.2484130985442672,13.8004150390625
12.466870069503784,1.2482880947294535,13.781504154205322,1.2482880947294535,13.82655143737793
12.491880893707275,1.248038087099826,13.823278427124023,1.2482880947294535,13.852106094360352
12.518906831741333,1.2481630909146397,13.836724281311035,1.2482880947294535,13.872572898864746
12.546183824539185,1.2482880947294535,13.858476400375366,1.2481630909146397,13.898260116577148
12.567845821380615,1.2482880947294535,13.88100814819336,1.2482880947294535,13.924403667449951
12.592034578323364,1.2482880947294535,13.902833461761475,1.2484130985442672,13.951350450515747
12.613348960876465,1.2482880947294535,13.937330722808838,1.2482880947294535,13.977185249328613
12.624422073364258,1.2482880947294535,13.956681966781616,1.2481630909146397,14.002581119537354
12.644148111343384,1.2481630909146397,13.98273754119873,1.2482880947294535,14.028886795043945
12.663578271865845,1.2482880947294535,14.007001161575317,1.2482880947294535,14.0543532371521
12.6876060962677,1.2482880947294535,14.035120487213135,1.2482880947294535,14.079968929290771
12.699341535568237,1.2482880947294535,14.0594801902771,1.2481630909146397,14.10538625717163
12.718353986740112,1.2482880947294535,14.082807779312134,1.2482880947294535,14.13057827949524
12.742696762084961,1.2482880947294535,14.10875940322876,1.2482880947294535,14.156196117401123
12.76584243774414,1.2482880947294535,14.13687801361084,1.2482880947294535,14.181607961654663
12.790857553482056,1.2482880947294535,14.161471605300903,1.2481630909146397,14.207138299942017
12.81792688369751,1.2482880947294535,14.188215494155884,1.2481630909146397,14.232474565505981
12.84138011932373,1.2482880947294535,14.210283517837524,1.2482880947294535,14.258134603500366
12.862746953964233,1.2482880947294535,14.247217178344727,1.2482880947294535,14.287530660629272
12.875298738479614,1.2482880947294535,14.264954805374146,1.2484130985442672,14.308483839035034
12.896987915039062,1.2482880947294535,None,None,None
12.918800115585327,1.2482880947294535,None,None,None
12.940871000289917,1.2482880947294535,None,None,None
12.966181755065918,1.2482880947294535,None,None,None
12.990906953811646,1.2482880947294535,None,None,None
13.009009599685669,1.2481630909146397,None,None,None
13.030770063400269,1.2484130985442672,None,None,None
13.0503671169281,1.2482880947294535,None,None,None
13.06791615486145,1.2481630909146397,None,None,None
13.087766170501709,1.2482880947294535,None,None,None
13.107533693313599,1.2482880947294535,None,None,None
13.129682779312134,1.2482880947294535,None,None,None
13.149862289428711,1.2482880947294535,None,None,None
13.167180061340332,1.2482880947294535,None,None,None
13.187190294265747,1.2482880947294535,None,None,None
13.206933736801147,1.2482880947294535,None,None,None
13.226428985595703,1.248038087099826,None,None,None
13.246180534362793,1.2482880947294535,None,None,None
13.267404556274414,1.2484130985442672,None,None,None
13.289708614349365,1.2482880947294535,None,None,None
13.320072650909424,1.2482880947294535,None,None,None
13.342122554779053,1.2482880947294535,None,None,None
13.36540174484253,1.2482880947294535,None,None,None
13.387243032455444,1.2481630909146397,None,None,None
13.40152645111084,1.2482880947294535,None,None,None
13.417974948883057,1.2481630909146397,None,None,None
13.438933849334717,1.2484130985442672,None,None,None
13.46132516860962,1.2482880947294535,None,None,None
13.478331089019775,1.2484130985442672,None,None,None
13.49788784980774,1.2482880947294535,None,None,None
13.516558408737183,1.2482880947294535,None,None,None
13.539904117584229,1.2482880947294535,None,None,None
13.559454917907715,1.2481630909146397,None,None,None
13.580633163452148,1.2481630909146397,None,None,None
13.601534843444824,1.2482880947294535,None,None,None
13.613030433654785,1.2484130985442672,None,None,None
13.63119649887085,1.2481630909146397,None,None,None
13.654719591140747,1.2482880947294535,None,None,None
13.676491498947144,1.2482880947294535,None,None,None
13.697164058685303,1.2481630909146397,None,None,None
13.718368530273438,1.2482880947294535,None,None,None
13.739013195037842,1.2481630909146397,None,None,None
13.75917911529541,1.2484130985442672,None,None,None
13.781504154205322,1.2482880947294535,None,None,None
13.803038597106934,1.2481630909146397,None,None,None
13.823278427124023,1.2482880947294535,None,None,None
13.836724281311035,1.2482880947294535,None,None,None
13.858476400375366,1.2481630909146397,None,None,None
13.88100814819336,1.2482880947294535,None,None,None
13.902833461761475,1.2484130985442672,None,None,None
13.924025058746338,1.2481630909146397,None,None,None
13.937330722808838,1.2482880947294535,None,None,None
13.956681966781616,1.2481630909146397,None,None,None
13.98273754119873,1.2482880947294535,None,None,None
14.007001161575317,1.2482880947294535,None,None,None
14.035120487213135,1.2482880947294535,None,None,None
14.0594801902771,1.2481630909146397,None,None,None
14.082807779312134,1.2482880947294535,None,None,None
14.10875940322876,1.2482880947294535,None,None,None
14.13687801361084,1.2482880947294535,None,None,None
14.161471605300903,1.2481630909146397,None,None,None
14.188215494155884,1.2481630909146397,None,None,None
14.210283517837524,1.2482880947294535,None,None,None
14.23279094696045,1.2482880947294535,None,None,None
14.247217178344727,1.2482880947294535,None,None,None
14.264954805374146,1.2484130985442672,None,None,None
14.290695190429688,1.2481630909146397,None,None,None
14.313476800918579,1.2482880947294535,None,None,None
14.323944568634033,1.2482880947294535,None,None,None
14.334285974502563,1.2482880947294535,None,None,None
14.344108819961548,1.2481630909146397,None,None,None
14.354416370391846,1.2481630909146397,None,None,None
14.364619970321655,1.2479130832850125,None,None,None
14.37457823753357,1.2481630909146397,None,None,None
14.384846925735474,1.2481630909146397,None,None,None
14.394988775253296,1.2481630909146397,None,None,None
14.405159950256348,1.2481630909146397,None,None,None
14.415061235427856,1.2481630909146397,None,None,None
14.426216840744019,1.2481630909146397,None,None,None
14.441757917404175,1.2481630909146397,None,None,None
14.452942848205566,1.2481630909146397,None,None,None
14.46397066116333,1.248038087099826,None,None,None
14.474109649658203,1.2484130985442672,None,None,None
14.484687566757202,1.2482880947294535,None,None,None
14.495136976242065,1.248038087099826,None,None,None
14.50530219078064,1.2481630909146397,None,None,None
14.51698613166809,1.2482880947294535,None,None,None
14.527065515518188,1.248038087099826,None,None,None
14.537237882614136,1.2481630909146397,None,None,None
14.547523021697998,1.2482880947294535,None,None,None
14.557738304138184,1.248038087099826,None,None,None
14.57468581199646,1.2482880947294535,None,None,None
14.585069179534912,1.2485381023590807,None,None,None
14.595462560653687,1.2482880947294535,None,None,None
14.605205535888672,1.2481630909146397,None,None,None
14.615438222885132,1.2482880947294535,None,None,None
14.62575078010559,1.2482880947294535,None,None,None
14.635944128036499,1.2481630909146397,None,None,None
14.645907640457153,1.2481630909146397,None,None,None
14.655849933624268,1.248038087099826,None,None,None
14.665949583053589,1.2481630909146397,None,None,None
14.676312685012817,1.2477880794701988,None,None,None
14.6864013671875,1.2481630909146397,None,None,None
14.696943283081055,1.2481630909146397,None,None,None
14.70715880393982,1.2481630909146397,None,None,None
14.717425346374512,1.2482880947294535,None,None,None
14.72726058959961,1.248038087099826,None,None,None
14.737250804901123,1.248038087099826,None,None,None
14.747218370437622,1.2482880947294535,None,None,None
14.757128477096558,1.2482880947294535,None,None,None
14.767083883285522,1.248038087099826,None,None,None
14.777031421661377,1.2481630909146397,None,None,None
14.787092924118042,1.2481630909146397,None,None,None
14.79706335067749,1.2482880947294535,None,None,None
14.807066202163696,1.2481630909146397,None,None,None
14.816985607147217,1.2482880947294535,None,None,None
14.827004432678223,1.2481630909146397,None,None,None
14.83700180053711,1.2482880947294535,None,None,None
14.846994638442993,1.2482880947294535,None,None,None
14.857315063476562,1.2484130985442672,None,None,None
14.867295503616333,1.2479130832850125,None,None,None
14.877208948135376,1.2481630909146397,None,None,None
14.887157917022705,1.2479130832850125,None,None,None
14.896979331970215,1.2481630909146397,None,None,None
14.906758785247803,1.2479130832850125,None,None,None
14.917235851287842,1.2484130985442672,None,None,None
14.92716121673584,1.2481630909146397,None,None,None
14.937416315078735,1.2482880947294535,None,None,None
14.947305679321289,1.2484130985442672,None,None,None
14.957355499267578,1.2481630909146397,None,None,None
14.967721700668335,1.248038087099826,None,None,None
14.977773904800415,1.2481630909146397,None,None,None
14.98790979385376,1.2482880947294535,None,None,None
14.997886657714844,1.2481630909146397,None,None,None
15.008001565933228,1.2482880947294535,None,None,None
15.018558025360107,1.2481630909146397,None,None,None
15.029181003570557,1.248038087099826,None,None,None
15.039816856384277,1.2481630909146397,None,None,None
15.049824476242065,1.2482880947294535,None,None,None
15.06030797958374,1.2481630909146397,None,None,None
15.070837259292603,1.2481630909146397,None,None,None
15.081313371658325,1.2481630909146397,None,None,None
15.091376066207886,1.2481630909146397,None,None,None
15.101844310760498,1.2482880947294535,None,None,None
15.112431526184082,1.2481630909146397,None,None,None
15.122910261154175,1.248038087099826,None,None,None
15.133567094802856,1.248038087099826,None,None,None
15.144039392471313,1.2482880947294535,None,None,None
15.15467619895935,1.2481630909146397,None,None,None
15.16517424583435,1.248038087099826,None,None,None
15.175716876983643,1.248038087099826,None,None,None
15.186356544494629,1.2482880947294535,None,None,None
15.196880578994751,1.2482880947294535,None,None,None
15.207469463348389,1.248038087099826,None,None,None
15.217985153198242,1.2481630909146397,None,None,None
15.228650331497192,1.2482880947294535,None,None,None
15.239259481430054,1.248038087099826,None,None,None
15.249848127365112,1.2482880947294535,None,None,None
15.26032543182373,1.2481630909146397,None,None,None
15.270875215530396,1.2482880947294535,None,None,None
15.28200078010559,1.2481630909146397,None,None,None
15.292083024978638,1.248038087099826,None,None,None
15.302566051483154,1.2481630909146397,None,None,None
15.31257677078247,1.248038087099826,None,None,None
15.323087215423584,1.2481630909146397,None,None,None
15.333784341812134,1.2481630909146397,None,None,None
15.344354152679443,1.2482880947294535,None,None,None
15.354989290237427,1.2482880947294535,None,None,None
15.36545205116272,1.2484130985442672,None,None,None
15.376193523406982,1.2481630909146397,None,None,None
15.388282060623169,1.2482880947294535,None,None,None
15.398618221282959,1.2481630909146397,None,None,None
15.409044981002808,1.2481630909146397,None,None,None
15.419444561004639,1.2481630909146397,None,None,None
15.429790496826172,1.2482880947294535,None,None,None
15.440151691436768,1.2482880947294535,None,None,None
15.450487613677979,1.2481630909146397,None,None,None
15.460810661315918,1.2479130832850125,None,None,None
15.47114896774292,1.2482880947294535,None,None,None
15.481448650360107,1.2481630909146397,None,None,None
15.491859197616577,1.2481630909146397,None,None,None
15.502236604690552,1.248038087099826,None,None,None
15.512568235397339,1.2477880794701988,None,None,None
15.522914409637451,1.2482880947294535,None,None,None
15.533233404159546,1.2482880947294535,None,None,None
15.543608903884888,1.2482880947294535,None,None,None
15.553940296173096,1.2481630909146397,None,None,None
15.56422734260559,1.2481630909146397,None,None,None
15.575210332870483,1.2482880947294535,None,None,None
15.585540771484375,1.248038087099826,None,None,None
15.59589672088623,1.2482880947294535,None,None,None
15.60620903968811,1.2482880947294535,None,None,None
15.616531610488892,1.2482880947294535,None,None,None
15.626823663711548,1.2481630909146397,None,None,None
15.637154579162598,1.2481630909146397,None,None,None
15.64744782447815,1.2481630909146397,None,None,None
15.65779161453247,1.2482880947294535,None,None,None
15.66807770729065,1.248038087099826,None,None,None
15.678451538085938,1.2481630909146397,None,None,None
15.688770771026611,1.2482880947294535,None,None,None
15.699071645736694,1.2481630909146397,None,None,None
15.709394931793213,1.2482880947294535,None,None,None
15.719735622406006,1.2479130832850125,None,None,None
15.730026006698608,1.248038087099826,None,None,None
15.740378618240356,1.2482880947294535,None,None,None
15.750656843185425,1.2482880947294535,None,None,None
15.761030673980713,1.2479130832850125,None,None,None
15.771377325057983,1.2482880947294535,None,None,None
15.781736135482788,1.248038087099826,None,None,None
15.792070865631104,1.2481630909146397,None,None,None
15.80239725112915,1.248038087099826,None,None,None
15.812732696533203,1.2481630909146397,None,None,None
15.823056697845459,1.2482880947294535,None,None,None
15.833351612091064,1.2481630909146397,None,None,None
15.843682527542114,1.2482880947294535,None,None,None
15.85399603843689,1.2482880947294535,None,None,None
15.865287780761719,1.2481630909146397,None,None,None
15.875804662704468,1.2482880947294535,None,None,None
15.886256217956543,1.2481630909146397,None,None,None
15.896594285964966,1.2481630909146397,None,None,None
15.906891584396362,1.248038087099826,None,None,None
15.917109966278076,1.2481630909146397,None,None,None
15.92713212966919,1.248038087099826,None,None,None
15.937155961990356,1.2481630909146397,None,None,None
15.947188377380371,1.2482880947294535,None,None,None
15.957184076309204,1.2481630909146397,None,None,None
15.967270135879517,1.2481630909146397,None,None,None
15.977299451828003,1.248038087099826,None,None,None
15.987379789352417,1.2481630909146397,None,None,None
15.997410774230957,1.2482880947294535,None,None,None
16.00745391845703,1.2481630909146397,None,None,None
16.017832279205322,1.2481630909146397,None,None,None
16.028167009353638,1.2481630909146397,None,None,None
16.038572311401367,1.2479130832850125,None,None,None
16.048983812332153,1.2484130985442672,None,None,None
16.05932331085205,1.2481630909146397,None,None,None
16.06971788406372,1.2482880947294535,None,None,None
16.08006262779236,1.248038087099826,None,None,None
16.090430736541748,1.2482880947294535,None,None,None
16.100770950317383,1.248038087099826,None,None,None
16.11109495162964,1.2479130832850125,None,None,None
16.121474266052246,1.2482880947294535,None,None,None
16.13177728652954,1.248038087099826,None,None,None
16.14211106300354,1.2482880947294535,None,None,None
16.152414798736572,1.2481630909146397,None,None,None
16.162738800048828,1.2479130832850125,None,None,None
16.17302107810974,1.2482880947294535,None,None,None
16.183348655700684,1.2482880947294535,None,None,None
16.19367218017578,1.2484130985442672,None,None,None
16.20402503013611,1.248038087099826,None,None,None
16.214349269866943,1.2484130985442672,None,None,None
16.22466540336609,1.248038087099826,None,None,None
16.234954833984375,1.2481630909146397,None,None,None
16.245327949523926,1.2481630909146397,None,None,None
16.255662441253662,1.248038087099826,None,None,None
16.26595973968506,1.2482880947294535,None,None,None
16.276238679885864,1.2482880947294535,None,None,None
16.286556243896484,1.2482880947294535,None,None,None
16.29688048362732,1.2481630909146397,None,None,None
16.30722451210022,1.2482880947294535,None,None,None
16.31754231452942,1.2481630909146397,None,None,None
16.328304290771484,1.2482880947294535,None,None,None
16.339183807373047,1.2481630909146397,None,None,None
16.34932827949524,1.248038087099826,None,None,None
16.35968804359436,1.2481630909146397,None,None,None
16.37002205848694,1.2481630909146397,None,None,None
16.38033103942871,1.2481630909146397,None,None,None
16.390640020370483,1.2482880947294535,None,None,None
16.400919914245605,1.2481630909146397,None,None,None
16.41122603416443,1.248038087099826,None,None,None
16.42150616645813,1.2485381023590807,None,None,None
16.431999921798706,1.2485381023590807,None,None,None
16.44226336479187,1.2482880947294535,None,None,None
16.452764749526978,1.248038087099826,None,None,None
16.4628427028656,1.2482880947294535,None,None,None
16.473397254943848,1.2482880947294535,None,None,None
16.483383178710938,1.2484130985442672,None,None,None
16.494423151016235,1.2481630909146397,None,None,None
16.50491690635681,1.2481630909146397,None,None,None
16.51495671272278,1.2481630909146397,None,None,None
16.525010585784912,1.2481630909146397,None,None,None
16.535002946853638,1.2481630909146397,None,None,None
16.544963598251343,1.248038087099826,None,None,None
16.55493187904358,1.2481630909146397,None,None,None
16.56476616859436,1.2482880947294535,None,None,None
16.574649572372437,1.2482880947294535,None,None,None
16.58445692062378,1.248038087099826,None,None,None
16.594316720962524,1.2481630909146397,None,None,None
16.604150533676147,1.248038087099826,None,None,None
16.61434268951416,1.2482880947294535,None,None,None
16.62463688850403,1.2481630909146397,None,None,None
16.635056972503662,1.2484130985442672,None,None,None
16.64543843269348,1.2481630909146397,None,None,None
16.65577483177185,1.2482880947294535,None,None,None
16.666055917739868,1.2482880947294535,None,None,None
16.676429271697998,1.2482880947294535,None,None,None
16.68639063835144,1.2481630909146397,None,None,None
16.696345806121826,1.2482880947294535,None,None,None
16.706605672836304,1.2482880947294535,None,None,None
16.716885328292847,1.2481630909146397,None,None,None
16.726884126663208,1.2482880947294535,None,None,None
16.73714303970337,1.2482880947294535,None,None,None
16.747089862823486,1.2482880947294535,None,None,None
16.757157564163208,1.2481630909146397,None,None,None
16.767152309417725,1.2482880947294535,None,None,None
16.778570890426636,1.2481630909146397,None,None,None
16.789189100265503,1.2481630909146397,None,None,None
16.799389600753784,1.2481630909146397,None,None,None
16.80939769744873,1.2481630909146397,None,None,None
16.819687366485596,1.2482880947294535,None,None,None
16.82989740371704,1.2481630909146397,None,None,None
16.840179920196533,1.2482880947294535,None,None,None
16.85054302215576,1.2482880947294535,None,None,None
16.860851049423218,1.2481630909146397,None,None,None
16.8713059425354,1.2481630909146397,None,None,None
16.88141179084778,1.2482880947294535,None,None,None
16.891597747802734,1.2484130985442672,None,None,None
16.901694536209106,1.248038087099826,None,None,None
16.911943674087524,1.2479130832850125,None,None,None
16.92238426208496,1.2481630909146397,None,None,None
16.932652473449707,1.2481630909146397,None,None,None
16.942986249923706,1.2482880947294535,None,None,None
16.95371174812317,1.2482880947294535,None,None,None
16.963757276535034,1.2482880947294535,None,None,None
16.97415542602539,1.2481630909146397,None,None,None
16.98408269882202,1.2484130985442672,None,None,None
16.994707822799683,1.2482880947294535,None,None,None
17.006041049957275,1.2482880947294535,None,None,None
17.01712656021118,1.248038087099826,None,None,None
17.027364253997803,1.2484130985442672,None,None,None
17.03749656677246,1.2481630909146397,None,None,None
17.047701597213745,1.2481630909146397,None,None,None
17.057719469070435,1.248038087099826,None,None,None
17.06834053993225,1.2481630909146397,None,None,None
17.078838348388672,1.248038087099826,None,None,None
17.088910341262817,1.2481630909146397,None,None,None
17.099024534225464,1.2481630909146397,None,None,None
17.109004259109497,1.248038087099826,None,None,None
17.119044542312622,1.2482880947294535,None,None,None
17.129026412963867,1.248038087099826,None,None,None
17.139037132263184,1.2482880947294535,None,None,None
17.149245500564575,1.248038087099826,None,None,None
17.16071891784668,1.2481630909146397,None,None,None
17.171030044555664,1.2482880947294535,None,None,None
17.181089878082275,1.2482880947294535,None,None,None
17.19118618965149,1.2481630909146397,None,None,None
17.20130157470703,1.2482880947294535,None,None,None
17.211523294448853,1.2481630909146397,None,None,None
17.22193169593811,1.2481630909146397,None,None,None
17.232382774353027,1.2482880947294535,None,None,None
17.242762088775635,1.248038087099826,None,None,None
17.253140211105347,1.2484130985442672,None,None,None
17.263524055480957,1.2481630909146397,None,None,None
17.27386999130249,1.2482880947294535,None,None,None
17.284215450286865,1.2481630909146397,None,None,None
17.294608116149902,1.2481630909146397,None,None,None
17.30490732192993,1.2481630909146397,None,None,None
17.314829111099243,1.2481630909146397,None,None,None
17.325277090072632,1.2481630909146397,None,None,None
17.33567190170288,1.248038087099826,None,None,None
17.346060276031494,1.248038087099826,None,None,None
17.356427907943726,1.248038087099826,None,None,None
17.366768836975098,1.2481630909146397,None,None,None
17.377135276794434,1.2482880947294535,None,None,None
17.387474060058594,1.248038087099826,None,None,None
17.397997856140137,1.2482880947294535,None,None,None
17.408467054367065,1.2482880947294535,None,None,None
17.418885707855225,1.248038087099826,None,None,None
17.429285764694214,1.2481630909146397,None,None,None
17.439661979675293,1.248038087099826,None,None,None
17.45004391670227,1.2481630909146397,None,None,None
17.460065364837646,1.248038087099826,None,None,None
17.47086477279663,1.248038087099826,None,None,None
17.481264352798462,1.2482880947294535,None,None,None
17.491665363311768,1.248038087099826,None,None,None
17.502016067504883,1.248038087099826,None,None,None
17.512375831604004,1.2482880947294535,None,None,None
17.52266812324524,1.248038087099826,None,None,None
17.53301429748535,1.248038087099826,None,None,None
17.54332399368286,1.2481630909146397,None,None,None
17.55368161201477,1.2481630909146397,None,None,None
17.563982248306274,1.2481630909146397,None,None,None
17.5743989944458,1.248038087099826,None,None,None
17.58461308479309,1.2481630909146397,None,None,None
17.594736576080322,1.2481630909146397,None,None,None
17.605189323425293,1.2482880947294535,None,None,None
17.615546703338623,1.248038087099826,None,None,None
17.625896692276,1.2482880947294535,None,None,None
17.6362521648407,1.248038087099826,None,None,None
17.64665150642395,1.2481630909146397,None,None,None
17.65708589553833,1.2482880947294535,None,None,None
17.667397260665894,1.2484130985442672,None,None,None
17.677794218063354,1.248038087099826,None,None,None
17.688113689422607,1.2484130985442672,None,None,None
17.698482036590576,1.2481630909146397,None,None,None
17.708792448043823,1.248038087099826,None,None,None
17.719125986099243,1.2482880947294535,None,None,None
17.72942042350769,1.2479130832850125,None,None,None
17.73973846435547,1.2481630909146397,None,None,None
17.75006937980652,1.2481630909146397,None,None,None
17.760335445404053,1.2482880947294535,None,None,None
17.77064347267151,1.2482880947294535,None,None,None
17.7809739112854,1.2485381023590807,None,None,None
17.791436195373535,1.2481630909146397,None,None,None
17.801926374435425,1.2481630909146397,None,None,None
17.812329530715942,1.2482880947294535,None,None,None
17.822638273239136,1.2482880947294535,None,None,None
17.833032369613647,1.2481630909146397,None,None,None
17.842997312545776,1.2482880947294535,None,None,None
17.85305953025818,1.2482880947294535,None,None,None
17.86346125602722,1.2481630909146397,None,None,None
17.873809576034546,1.2481630909146397,None,None,None
17.88413095474243,1.2484130985442672,None,None,None
17.894481420516968,1.2481630909146397,None,None,None
17.90478229522705,1.2482880947294535,None,None,None
17.915152311325073,1.2481630909146397,None,None,None
17.925425052642822,1.248038087099826,None,None,None
17.935745239257812,1.2484130985442672,None,None,None
17.945977687835693,1.2481630909146397,None,None,None
17.956283807754517,1.2484130985442672,None,None,None
17.966564416885376,1.2481630909146397,None,None,None
17.976871252059937,1.2482880947294535,None,None,None
17.987141132354736,1.248038087099826,None,None,None
17.997450590133667,1.2481630909146397,None,None,None
18.00778889656067,1.2481630909146397,None,None,None
18.018120288848877,1.2481630909146397,None,None,None
18.028197050094604,1.2481630909146397,None,None,None
18.038239240646362,1.2482880947294535,None,None,None
18.04875349998474,1.2482880947294535,None,None,None
18.059139490127563,1.248038087099826,None,None,None
18.069414615631104,1.2481630909146397,None,None,None
18.07975125312805,1.2481630909146397,None,None,None
18.09006643295288,1.2481630909146397,None,None,None
18.100070238113403,1.2481630909146397,None,None,None
18.110077142715454,1.2482880947294535,None,None,None
18.120039224624634,1.248038087099826,None,None,None
18.13036561012268,1.248038087099826,None,None,None
18.140682697296143,1.248038087099826,None,None,None
18.151034116744995,1.2481630909146397,None,None,None
18.161344289779663,1.2482880947294535,None,None,None
18.171669483184814,1.2482880947294535,None,None,None
18.18197274208069,1.2482880947294535,None,None,None
18.19293236732483,1.2482880947294535,None,None,None
18.20330834388733,1.2482880947294535,None,None,None
18.213581085205078,1.2481630909146397,None,None,None
18.223896265029907,1.2481630909146397,None,None,None
18.2341525554657,1.2482880947294535,None,None,None
18.24447989463806,1.2484130985442672,None,None,None
18.25480341911316,1.2481630909146397,None,None,None
18.265138387680054,1.2481630909146397,None,None,None
18.275402307510376,1.248038087099826,None,None,None
18.2856764793396,1.2481630909146397,None,None,None
18.29592251777649,1.2482880947294535,None,None,None
18.306216716766357,1.2485381023590807,None,None,None
18.316508054733276,1.2481630909146397,None,None,None
18.326793909072876,1.248038087099826,None,None,None
18.33709168434143,1.248038087099826,None,None,None
18.347398042678833,1.2481630909146397,None,None,None
18.35771632194519,1.2482880947294535,None,None,None
18.368027448654175,1.2481630909146397,None,None,None
18.378328800201416,1.2479130832850125,None,None,None
18.388685703277588,1.248038087099826,None,None,None
18.398663759231567,1.2481630909146397,None,None,None
18.409101247787476,1.2482880947294535,None,None,None
18.419037580490112,1.2482880947294535,None,None,None
18.429389238357544,1.2482880947294535,None,None,None
18.439698934555054,1.2482880947294535,None,None,None
18.449984073638916,1.2481630909146397,None,None,None
18.46036171913147,1.2482880947294535,None,None,None
18.470666646957397,1.2482880947294535,None,None,None
18.480932235717773,1.2482880947294535,None,None,None
18.491272926330566,1.2484130985442672,None,None,None
18.5015971660614,1.2481630909146397,None,None,None
18.511897802352905,1.2482880947294535,None,None,None
18.52224826812744,1.2482880947294535,None,None,None
18.532550811767578,1.2481630909146397,None,None,None
18.542885780334473,1.248038087099826,None,None,None
18.553192615509033,1.248038087099826,None,None,None
18.56352949142456,1.2481630909146397,None,None,None
18.573814630508423,1.2482880947294535,None,None,None
18.58414912223816,1.248038087099826,None,None,None
18.594435930252075,1.2482880947294535,None,None,None
18.604746341705322,1.248038087099826,None,None,None
18.615029096603394,1.2482880947294535,None,None,None
18.624948740005493,1.2482880947294535,None,None,None
18.635534048080444,1.2482880947294535,None,None,None
18.646102905273438,1.2482880947294535,None,None,None
18.656508922576904,1.2479130832850125,None,None,None
18.66688847541809,1.2481630909146397,None,None,None
18.677194356918335,1.2481630909146397,None,None,None
18.687488079071045,1.2484130985442672,None,None,None
18.697749853134155,1.2482880947294535,None,None,None
18.708061933517456,1.2482880947294535,None,None,None
18.718398809432983,1.2481630909146397,None,None,None
18.728739500045776,1.2482880947294535,None,None,None
18.73904037475586,1.2481630909146397,None,None,None
18.749346017837524,1.2482880947294535,None,None,None
18.759687900543213,1.2482880947294535,None,None,None
18.770039558410645,1.2479130832850125,None,None,None
18.780344009399414,1.2481630909146397,None,None,None
18.79064154624939,1.2482880947294535,None,None,None
18.800933837890625,1.248038087099826,None,None,None
18.811237573623657,1.2481630909146397,None,None,None
18.82155179977417,1.2481630909146397,None,None,None
18.831841230392456,1.2482880947294535,None,None,None
18.842092514038086,1.2482880947294535,None,None,None
18.85237741470337,1.2481630909146397,None,None,None
18.862668752670288,1.2481630909146397,None,None,None
18.87299942970276,1.2481630909146397,None,None,None
18.883304834365845,1.2482880947294535,None,None,None
18.893622636795044,1.2482880947294535,None,None,None
